 % ---------- pFEM ---------
 % File generated by pFEM
 % Creation time: 8:31:12, 6/6/2023
 % ---------- pFEM ---------
 iter nr_dof MinP MaxP ErrorQoI_linf ErrorQoI_l1 ErrorQoI_l2 
           0          64           1           1   118.61311608858986        118.61311608858986        118.61311608858986     
           1         144           1           3   18.665221023088396        18.665221023088396        18.665221023088396     
           2         382           1           3   7.5688250465442586        7.5688250465442586        7.5688250465442586     
           3         681           1           5   2.0215054910852936        2.0215054910852936        2.0215054910852936     
           4         874           1           5  0.61423690599002423       0.61423690599002423       0.61423690599002423     
           5        1375           1           7   2.7821951389123236        2.7821951389123236        2.7821951389123236     
           6        1909           1           7   1.2958426075172658        1.2958426075172658        1.2958426075172658     
           7        2375           1           9   2.5315752651627847        2.5315752651627847        2.5315752651627847     
           8        3180           1           9   2.1431364201435046        2.1431364201435046        2.1431364201435046     
           9        3578           1          10   1.8701295531885997        1.8701295531885997        1.8701295531885997     
          10        4085           1          10  0.27362861418751427       0.27362861418751427       0.27362861418751427     
          11        4579           1          11   1.5800039716371221        1.5800039716371221        1.5800039716371221     
          12        4653           1          11   1.4457554201255753        1.4457554201255753        1.4457554201255753     
          13        4573           1          11   1.1604346013404832        1.1604346013404832        1.1604346013404832     
          14        5266           1          11  0.94172609524385498       0.94172609524385498       0.94172609524385498     
          15        5447           1          11  0.77648156345514951       0.77648156345514951       0.77648156345514951     
          16        6189           1          11  0.66127213720528943       0.66127213720528943       0.66127213720528943     
          17        6434           1          11  0.53563358369532565       0.53563358369532565       0.53563358369532565     
          18        7484           1          11  0.45922888734214418       0.45922888734214418       0.45922888734214418     
          19        7526           1          11  0.38224327821179138       0.38224327821179138       0.38224327821179138     
          20        8426           1          11  0.32063038458121984       0.32063038458121984       0.32063038458121984     
          21        8503           1          11  0.26466608926121110       0.26466608926121110       0.26466608926121110     
          22        9618           1          11  0.22266677333578527       0.22266677333578527       0.22266677333578527     
          23        9788           1          11  0.18497957210310909       0.18497957210310909       0.18497957210310909     
          24       10876           1          11  0.14525534852793151       0.14525534852793151       0.14525534852793151     
          25       10840           1          11  0.12544892217872003       0.12544892217872003       0.12544892217872003     
