 % ---------- pFEM ---------
 % File generated by pFEM
 % Creation time: 14:15:54, 6/9/2022
 % ---------- pFEM ---------
 iter nr_dof MinP MaxP ErrorQoI_linf ErrorQoI_l1 ErrorQoI_l2 
           1          64           1           3   131.89606632107697        2286.3699007960504        328.96027789917520     
           2         220           1           3   55.896864233860214        1110.3610013756613        151.92945315338065     
           3         784           1           5   29.463827810393134        523.19025529672535        77.863495713035093     
           4        1635           1           5   13.525826571645197        303.55479120857132        44.232910822178141     
           5        2488           1           7   10.792618553661679        216.08039794644824        33.070390708210759     
           6        3754           1           7   8.8517038524517009        164.38149647337394        25.799685960579449     
           7        4864           1           9   6.7969156461634412        129.30967295921664        20.578972786536649     
           8        6581           1           9   6.8249386048787883        107.25544689005443        18.040138985328429     
           9        7922           1           9   6.0646195360943036        110.79937802637893        18.440838799185752     
          10        8989           1           9   5.3801696185382717        96.106388597553277        16.362638926757871     
          11       10452           1          10   4.7464918653847255        82.829688677928004        14.386373653193672     
          12       11847           1           9   4.2033025448739174        71.864777703014894        12.707552809942799     
          13       13703           1          11   3.7348719750854684        60.832771100519011        10.799261224218412     
          14       15287           1          11   3.4439209896030207        55.303233839427236        10.054847912401542     
          15       17217           1          11   3.1477783572410751        46.963215051834837        8.6242459018811068     
          16       18748           1          11   2.8865715846222142        43.109993807743976        8.0370887336752119     
          17       20554           1          11   2.6348355499033911        38.153817829697296        7.1870330218485288     
          18       22735           1          11   2.4186979492578029        33.811952925693873        6.4407122194889270     
          19       24944           1          11   2.2088638595967032        29.409277038003030        5.6697160409066925     
          20       26611           1          11   2.0302842168060433        24.450596744973360        4.9565528533159373     
          21       28607           1          11   1.8536951094117400        24.325606565773793        4.7555255219057777     
          22       30528           1          11   1.7100802561343276        21.750783680330265        4.2940030409561336     
          23       32967           1          11   1.5613299320880669        19.476928546540417        3.8794750865764933     
          24       34918           1          11   1.3209745139814457        16.894912592409014        3.3590072048753914     
          25       37024           1          11   1.3229206314315545        15.025068110076091        3.0948922832031833     
          26       38824           1          11   1.2192587049380188        14.208198122205310        2.9222220899630096     
          27       41484           1          11   1.1134811653205472        12.220425555423265        2.5789703848507801     
          28       43341           1          11   1.0267178182771053        11.574846970451794        2.4348102395916320     
          29       45182           1          11  0.93763531878606776        10.463075164543053        2.2277856392426956     
          30       46817           1          11  0.86399246714059574        9.4681397355449626        2.0416854863457652     
          31       49209           1          11  0.79529410239869514        8.5795984232225493        1.8759501478423857     
          32       51330           1          11  0.76625506143800348        7.7780902819938316        1.7257233436193287     
