 % ---------- pFEM ---------
 % File generated by pFEM
 % Creation time: 14:15:54, 6/9/2022
 % ---------- pFEM ---------
 iter nr_dof MinP MaxP ErrorQoI_linf ErrorQoI_l1 ErrorQoI_l2 
           1          64           1           3   131.89606632107697        2286.3699007960504        328.96027789917520     
           2         217           1           3   55.935984660239683        1116.5591988088181        152.42018237366372     
           3         822           1           5   29.509371353531083        522.52341133157950        77.931878586943725     
           4        1774           1           5   13.559190378422583        301.69120333514900        44.017894806820884     
           5        2504           1           7   10.729064839139705        215.46167315095011        32.982904603384014     
           6        3801           1           7   8.8608860282908459        164.53132946900661        25.844767802741735     
           7        5044           1           9   6.7964408429671526        129.34237819817130        20.601369446485233     
           8        7013           1           9   6.8141488507336492        107.35867343064795        18.056512152881961     
           9        8519           1           9   6.0549186843919500        110.94571469401680        18.467967680350089     
          10        9650           1           9   5.3759799503304668        96.178183629063739        16.379068969944647     
          11       11299           1          10   4.7434701206468546        82.856519631686950        14.398524299664308     
          12       12492           1           9   4.2011888948614198        71.893865499276487        12.714363927865373     
          13       14175           1          11   3.6743742306599518        60.639822678400179        10.828872640536432     
          14       15805           1          11   3.3670578044524659        55.298623726741759        10.058602386235544     
          15       17577           1          11   3.0087389401309159        47.148592638305487        8.5799176195037159     
          16       19699           1          11   2.8807589239609919        43.068942501105752        8.0320018953154850     
          17       21606           1          11   2.6329694875764185        37.243043547873505        7.0395283986502015     
          18       23292           1          11   2.4198534822339890        30.726997583184481        6.1018502055398383     
          19       25485           1          11   2.2111602267547101        30.625724270371705        5.8733773151327533     
          20       27632           1          11   2.0303996565908333        27.240566384607206        5.2788835073252818     
          21       30177           1          11   1.8565754928126021        24.304979449569018        4.7553592999764920     
          22       32112           1          11   1.7065268233691457        21.734092691997908        4.2893821382841946     
          23       34349           1          11   1.5616588102435567        19.458480842865022        3.8782831298681524     
          24       36215           1          11   1.4366605617612067        17.468991085340107        3.5158641528305221     
          25       38706           1          11   1.3137824333629238        15.682555458152926        3.1859000577013337     
          26       40643           1          11   1.0402693794741955        13.305225501860214        2.6984985106035695     
          27       43702           1          11   1.1195757233538102        12.773047068460261        2.6614971532971672     
          28       45686           1          11   1.0307409858119032        11.507428626871473        2.4272012178706279     
          29       47496           1          11  0.94213722057431304        9.8118417449027184        2.0915300090422919     
          30       49115           1          11  0.86678636481521221        9.4517072329619651        2.0414974306752134     
          31       52181           1          11  0.79322893533489913        8.3056933536103728        1.8227956985643785     
