 % ---------- pFEM ---------
 % File generated by pFEM
 % Creation time: 11:36:31, 7/9/2022
 % ---------- pFEM ---------
 iter nr_dof MinP MaxP ErrorQoI_linf ErrorQoI_l1 ErrorQoI_l2 
           1          64           1           3   131.89606632107697        2286.3699007960504        328.96027789917520
           2         221           1           3   58.531026984430298        1148.2184121097559        158.08168483250194
           3         756           1           5   29.512706382020621        525.13506741804213        77.948564956834574
           4        1549           1           5   13.610242104771819        304.79847348768971        44.462567011207661
           5        2278           1          11      10.912644483062          219.980801829921           33.480485488360
           6        3782           1          11       8.901289738200          165.842152908181           25.922415578049
           7        4907           1          11       6.642981054791          130.803259037168           20.704569365170
           8        6507           1          11       6.822530135964          106.964421174526           18.018914040369
           9        7806           1          11       5.993752758438          111.861372963615           18.587126522400
          10        8758           1          11       5.386985909200           95.708587568341           16.309477658581
          11        9908           1          11       4.747043287174           81.855337058209           14.211471111445
          12       11210           1          11       4.212937223968           71.889468873815           12.708550364302
          13       12923           1          11       3.740374800579           60.868198574608           10.805154995029
          14       14609           1          11       3.439300728129           55.274334524755           10.056109407175
          15       16541           1          11       3.139105622212           48.714448747855            8.957248987354
          16       18400           1          11       2.876731165897           42.919504447590            7.995887729981
          17       20545           1          11       2.625062908329           35.870390370370            6.814036948421
          18       22271           1          11       2.418751082482           33.953997050952            6.465767809407
          19       24291           1          11       2.204823716867           30.204008907098            5.806257834069
          20       26228           1          11       2.028186354341           26.871380240980            5.223976547597
          21       28015           1          11       1.853983425573           23.654893297590            4.648708048886
          22       30142           1          11       1.575200090100           20.830771157054            4.075952054760
          23       32043           1          11       1.572603480787           18.544296747641            3.774212051140
          24       33608           1          11       1.451923757522           17.428208654115            3.522669853800
          25       36147           1          11       1.323537969642           14.981578476638            3.111367340388
          26       37713           1          11       1.222227344278           13.014900471904            2.818161301305
          27       39597           1          11       1.113841870095           12.885506380866            2.676337136225
          28       41244           1          11       1.029007688349           11.643262404351            2.445373696861
          29       43489           1          11       0.937304008897           10.509798234332            2.234846550333